TYPE;Index;Time;Duration;PDUs;Data;PDUs\s;bps;Success prob.;Min RTT.;Min RTT.;Avg RTT.;Max RTT.;Std.Dev.RTT
Interval;0;1498649432841566550;940;1;891;1.06383;7582.98;1;0;0;0;0
Interval;1;1498649432841796928;0;1;1052;inf;inf;1;0;0;0;0
Interval;2;1498649432841881969;0;1;1098;inf;inf;1;0;0;0;0
Interval;3;1498649432841986095;0;1;865;inf;inf;1;0;0;0;0
Interval;4;1498649432842246017;0;1;879;inf;inf;1;1;1;1;0
Interval;5;1498649432842314261;0;1;995;inf;inf;1;0;0;0;0
Interval;6;1498649432842345001;0;1;1094;inf;inf;1;0;0;0;0
Interval;7;1498649432842368751;0;1;1115;inf;inf;1;0;0;0;0
Interval;8;1498649432842389357;0;1;959;inf;inf;1;0;0;0;0
Interval;9;1498649432842411154;0;1;1073;inf;inf;1;0;0;0;0
Interval;10;1498649432842434195;0;1;968;inf;inf;1;0;0;0;0
Interval;11;1498649432842458917;0;1;1113;inf;inf;1;0;0;0;0
Interval;12;1498649432842486694;0;1;1182;inf;inf;1;0;0;0;0
Interval;13;1498649432842515385;0;1;980;inf;inf;1;0;0;0;0
Interval;14;1498649432842613275;0;1;938;inf;inf;1;0;0;0;0
Interval;15;1498649432842642143;0;1;1129;inf;inf;1;0;0;0;0
Interval;16;1498649432842668101;0;1;1069;inf;inf;1;0;0;0;0
Interval;17;1498649432842690295;0;1;899;inf;inf;1;0;0;0;0
Interval;18;1498649432842713511;0;1;1141;inf;inf;1;0;0;0;0
Interval;19;1498649432842747663;0;1;952;inf;inf;1;0;0;0;0
Interval;20;1498649432842768284;0;1;1005;inf;inf;1;0;0;0;0
Interval;21;1498649432842791397;0;1;926;inf;inf;1;0;0;0;0
Interval;22;1498649432842818434;0;1;1045;inf;inf;1;0;0;0;0
Interval;23;1498649432842839601;0;1;975;inf;inf;1;0;0;0;0
Interval;24;1498649432842860856;0;1;1182;inf;inf;1;0;0;0;0
Interval;25;1498649432842881773;0;1;1058;inf;inf;1;0;0;0;0
Interval;26;1498649432842902507;0;1;908;inf;inf;1;0;0;0;0
Interval;27;1498649432842923562;0;1;1013;inf;inf;1;0;0;0;0
Interval;28;1498649432842944550;0;1;831;inf;inf;1;0;0;0;0
Interval;29;1498649432842966092;0;1;1041;inf;inf;1;0;0;0;0
Interval;30;1498649432842987279;0;1;820;inf;inf;1;0;0;0;0
Interval;31;1498649432843008337;0;1;874;inf;inf;1;1;1;1;0
Interval;32;1498649432843055256;0;1;893;inf;inf;1;0;0;0;0
Interval;33;1498649432843087048;0;1;1118;inf;inf;1;0;0;0;0
Interval;34;1498649432843113535;0;1;939;inf;inf;1;0;0;0;0
Interval;35;1498649432843140317;0;1;972;inf;inf;1;0;0;0;0
Interval;36;1498649432843162696;0;1;913;inf;inf;1;0;0;0;0
Interval;37;1498649432843187814;0;1;833;inf;inf;1;0;0;0;0
FIN;38;1498649503219003587;71318;106;105459;1.4863;11829.7;1;0;0.0377358;1;0.190557
