Initial Latency = 1498386657196
TYPE;Index;Time;Duration;PDUs;Data;PDUs\s;bps;Success prob.;Min Lat.;Avg Lat.;Max Lat.;Std.Dev.Lat
Interval;0;1498649432841460311;932;1;891;1.07296;7648.07;1;0;0;0;0
Interval;1;1498649432841757128;0;1;1052;inf;inf;1;0;0;0;0
Interval;2;1498649432841858111;0;1;1098;inf;inf;1;0;0;0;0
Interval;3;1498649432841965652;0;1;865;inf;inf;1;0;0;0;0
Interval;4;1498649432842022829;0;1;879;inf;inf;1;1;1;1;0
Interval;5;1498649432842301234;0;1;995;inf;inf;1;0;0;0;0
Interval;6;1498649432842335659;0;1;1094;inf;inf;1;0;0;0;0
Interval;7;1498649432842361446;0;1;1115;inf;inf;1;0;0;0;0
Interval;8;1498649432842383134;0;1;959;inf;inf;1;0;0;0;0
Interval;9;1498649432842403956;0;1;1073;inf;inf;1;0;0;0;0
Interval;10;1498649432842426871;0;1;968;inf;inf;1;0;0;0;0
Interval;11;1498649432842452129;0;1;1113;inf;inf;1;0;0;0;0
Interval;12;1498649432842478098;0;1;1182;inf;inf;1;0;0;0;0
Interval;13;1498649432842505989;0;1;980;inf;inf;1;0;0;0;0
Interval;14;1498649432842601766;0;1;938;inf;inf;1;0;0;0;0
Interval;15;1498649432842634209;0;1;1129;inf;inf;1;0;0;0;0
Interval;16;1498649432842659339;0;1;1069;inf;inf;1;0;0;0;0
Interval;17;1498649432842682943;0;1;899;inf;inf;1;0;0;0;0
Interval;18;1498649432842706594;0;1;1141;inf;inf;1;0;0;0;0
Interval;19;1498649432842740617;0;1;952;inf;inf;1;0;0;0;0
Interval;20;1498649432842762012;0;1;1005;inf;inf;1;0;0;0;0
Interval;21;1498649432842785124;0;1;926;inf;inf;1;0;0;0;0
Interval;22;1498649432842811524;0;1;1045;inf;inf;1;0;0;0;0
Interval;23;1498649432842832787;0;1;975;inf;inf;1;0;0;0;0
Interval;24;1498649432842854019;0;1;1182;inf;inf;1;0;0;0;0
Interval;25;1498649432842875176;0;1;1058;inf;inf;1;0;0;0;0
Interval;26;1498649432842896058;0;1;908;inf;inf;1;0;0;0;0
Interval;27;1498649432842916947;0;1;1013;inf;inf;1;0;0;0;0
Interval;28;1498649432842938247;0;1;831;inf;inf;1;0;0;0;0
Interval;29;1498649432842960005;0;1;1041;inf;inf;1;0;0;0;0
Interval;30;1498649432842980851;0;1;820;inf;inf;1;0;0;0;0
Interval;31;1498649432843001561;0;1;874;inf;inf;1;0;0;0;0
Interval;32;1498649432843022531;0;1;893;inf;inf;1;0;0;0;0
Interval;33;1498649432843079371;0;1;1118;inf;inf;1;0;0;0;0
Interval;34;1498649432843105148;0;1;939;inf;inf;1;0;0;0;0
Interval;35;1498649432843132408;0;1;972;inf;inf;1;0;0;0;0
Interval;36;1498649432843155983;0;1;913;inf;inf;1;0;0;0;0
Interval;37;1498649432843179954;0;1;833;inf;inf;1;0;0;0;0
FIN;38;1498649503219159761;71310;106;105459;1.48647;11831;1;0;0.00943396;1;0.0966693
